2001:223:18:00 2001:223:21:30 0 0 1 0 0 0 0 0 0 0
2001:230:16:00 2001:230:20:10 0 0 0 0 0 0 1 0 0 0
2001:245:19:30 2001:246:01:10 0 0 1 0 0 0 0 0 0 0
2001:249:06:00 2001:249:10:10 0 0 0 0 0 0 1 0 0 0
2001:257:15:00 2001:258:09:00 1 1 1 1 1 1 1 1 1 1
2001:282:17:00 2001:282:20:30 0 0 0 0 0 0 1 0 0 0
2001:309:16:30 2001:311:00:00 1 1 1 1 1 1 1 1 1 1
2001:316:23:00 2001:317:03:00 0 0 1 0 0 0 0 0 0 0
2002:013:08:10 2002:013:11:30 0 0 0 0 0 0 1 0 0 0
2002:016:15:00 2002:016:23:30 1 1 1 1 1 1 1 1 1 1
2002:053:05:00 2002:053:10:00 0 0 0 0 0 0 1 0 0 0
2002:053:17:00 2002:053:20:30 0 0 0 0 0 0 1 0 0 0
2002:057:02:00 2002:057:10:22 1 1 1 1 1 1 1 1 1 1
2002:066:20:00 2002:067:00:00 0 0 0 0 0 0 1 0 0 0
2002:068:22:30 2002:069:02:00 0 0 0 0 0 0 1 0 0 0
2002:082:20:00 2002:082:23:00 0 0 0 0 0 0 1 0 0 0
2002:085:01:00 2002:085:04:00 0 1 0 0 0 0 0 0 0 0
2002:092:11:40 2002:092:15:30 0 0 0 0 0 0 1 0 0 0
2002:097:10:05 2002:097:14:10 0 1 0 0 0 0 0 0 0 0
2002:100:06:00 2002:100:09:30 0 0 0 0 0 0 1 0 0 0
2002:100:22:10 2002:101:02:00 0 0 0 0 0 0 1 0 0 0
2002:123:02:00 2002:123:05:30 0 0 0 0 0 0 1 0 0 0
2002:128:14:00 2002:129:00:00 1 1 1 1 1 1 1 1 1 1
2002:211:14:56 2002:212:01:00 1 1 1 1 1 1 1 1 1 1
2002:269:02:02 2002:269:04:26 1 0 0 0 0 0 0 0 0 0
2002:273:08:22 2002:273:10:46 0 1 0 0 0 0 0 0 0 0
2002:309:18:05 2002:310:04:05 1 1 1 1 1 1 1 1 1 1
2002:314:07:20 2002:314:10:40 0 0 0 0 0 0 1 0 0 0
2002:321:04:50 2002:321:08:12 0 0 0 0 0 0 1 0 0 0
2003:071:12:35 2003:071:23:15 1 1 1 1 1 1 1 1 1 1
2003:081:01:30 2003:081:06:00 0 0 1 0 0 0 0 0 0 0
2003:085:09:45 2003:085:14:00 0 0 1 0 0 0 0 0 0 0
2003:145:06:44 2003:145:09:40 1 1 1 1 1 1 1 1 1 1
2003:156:08:48 2003:156:14:12 0 0 0 0 0 0 1 0 0 0
2003:222:15:30 2003:225:01:12 1 1 1 1 1 1 1 1 1 1
2003:301:22:45 2003:302:04:20 1 1 1 1 1 1 1 1 1 1
2003:316:13:35 2003:317:00:00 1 1 1 1 1 1 1 1 1 1
2004:069:14:00 2004:070:01:00 1 1 1 1 1 1 1 1 1 1
2004:178:16:39 2004:178:19:03 0 0 0 0 0 0 1 0 0 0
2004:224:16:10 2004:225:03:00 1 1 1 1 1 1 1 1 1 1
2004:238:11:15 2004:238:13:39 0 0 0 1 0 0 0 0 0 0
2004:248:17:46 2004:248:20:10 0 0 0 0 0 0 1 0 0 0
2004:349:17:40 2004:350:04:30 1 1 1 1 1 1 1 1 1 1
2005:019:17:00 2005:019:19:24 0 0 0 0 0 0 1 0 0 0
2005:020:06:00 2005:021:20:00 1 1 1 1 1 1 1 1 1 1
2005:048:21:00 2005:053:00:00 1 1 1 1 1 1 1 1 1 1
2005:094:10:30 2005:094:21:30 1 1 1 1 1 1 1 1 1 1
2005:114:11:17 2005:114:13:41 0 0 0 0 0 0 1 0 0 0
2005:154:18:00 2005:159:12:00 0 0 1 0 0 0 0 0 0 0
2005:155:15:33 2005:155:17:57 0 1 0 0 1 1 1 0 0 0
2005:208:13:40 2005:209:00:40 1 1 1 1 1 1 1 1 1 1
2005:232:01:33 2005:232:03:57 0 0 0 1 0 0 0 0 0 0
2005:252:23:28 2005:253:01:52 0 0 0 1 0 0 0 0 0 0
2005:314:09:15 2005:314:21:00 1 1 1 1 1 1 1 1 1 1
2006:054:05:15 2006:054:07:39 0 0 0 0 0 0 1 0 0 0
2006:066:13:45 2006:067:03:10 1 1 1 1 1 1 1 1 1 1
2006:142:17:26 2006:142:19:50 0 1 0 0 0 0 0 0 0 0
2006:151:06:24 2006:151:08:48 0 0 0 0 0 0 1 0 0 0
2006:165:14:05 2006:166:04:30 1 1 1 1 1 1 1 1 1 1
2006:229:20:38 2006:229:23:02 0 0 0 0 0 0 0 0 0 1
2006:255:04:32 2006:255:06:56 0 0 1 0 0 0 0 0 0 0
2006:298:03:40 2006:298:06:04 0 0 0 0 0 0 0 0 0 1
2006:313:14:30 2006:314:04:55 1 1 1 1 1 1 1 1 1 1
2007:013:02:41 2007:013:05:05 0 0 0 0 0 0 1 0 0 0
2007:048:17:59 2007:048:20:23 0 0 0 0 0 0 1 0 0 0
2007:067:13:00 2007:068:04:00 1 1 1 1 1 1 1 1 1 1
2007:125:20:17 2007:125:22:41 0 0 1 0 0 0 0 0 0 0
2007:176:11:00 2007:176:20:00 1 1 1 1 1 1 1 1 1 1
2007:177:22:00 2007:178:13:00 1 1 1 1 1 1 1 1 1 1
2007:248:12:30 2007:249:13:30 1 1 1 1 1 1 1 1 1 1
2007:269:12:00 2007:270:03:00 1 1 1 1 1 1 1 1 1 1
2007:271:21:26 2007:271:23:50 0 0 0 0 0 0 1 0 0 0
2007:314:14:00 2007:320:00:00 1 1 1 1 1 1 1 1 1 1
2008:023:12:35 2008:023:22:35 1 1 1 1 1 1 1 1 1 1
2008:156:14:43 2008:157:05:00 1 1 1 1 1 1 1 1 1 1
2008:194:00:20 2008:194:02:44 0 0 0 0 0 0 1 0 0 0
2008:198:08:10 2008:198:10:34 0 1 1 1 1 1 0 0 1 0
2008:214:17:00 2008:216:04:00 1 1 1 1 1 1 1 1 1 1
2008:279:10:00 2008:279:13:00 0 1 1 0 1 0 1 0 1 0
2008:282:12:20 2008:282:23:50 1 1 1 1 1 1 1 1 1 1
2008:300:07:38 2008:300:10:02 0 0 0 0 0 0 0 0 1 0
2008:302:10:00 2008:302:22:40 1 1 1 1 1 1 1 1 1 1
2009:008:10:20 2009:009:12:30 1 1 1 1 1 1 1 1 1 1
2009:042:19:40 2009:043:10:00 1 1 1 1 1 1 1 1 1 1
2009:055:02:48 2009:055:05:12 1 1 1 0 1 0 0 0 1 0
2009:182:22:03 2009:184:00:27 0 0 1 0 0 0 1 0 0 0
2009:197:14:22 2009:198:02:20 1 1 1 1 1 1 1 1 1 1
2009:244:04:08 2009:244:06:32 0 0 0 0 0 0 1 0 0 0
2009:263:21:18 2009:263:23:42 0 0 0 0 0 0 1 0 0 0
2009:264:14:30 2009:264:16:54 0 0 0 0 0 0 1 0 0 0
2010:020:13:15 2010:021:09:15 1 1 1 1 1 1 1 1 1 1
2010:045:15:53 2010:045:18:17 0 0 0 0 0 0 1 0 0 0
2010:078:03:48 2010:078:06:12 0 0 1 0 1 0 0 0 1 0
2010:133:16:00 2010:134:08:30 1 1 1 1 1 1 1 1 1 1
2010:153:01:00 2010:154:13:30 1 1 1 1 1 1 1 1 1 1
2010:158:09:00 2010:159:18:00 1 1 1 1 1 1 1 1 1 1
