DA  T0 (13)     T0 (14)     T0 (23)     T0 (24)         V0 (13)         V0 (14)      V0 (23)        V0 (24)         b(13)           b(14)           b(23)           b(24)               a(13)           a(14)           a(23)           a(24)           m(13)           m(14)           m(23)           m(24)               c(13)           c(14)           c(23)           c(24)
K1  5.3235e01   5.3235e01   1.0000e04   1.0000e04       -5.5125e-01     -5.4203e-01  3.7781e-02     2.1017e-02      -7.2200e-04     -8.1810e-04     -3.3609e-03     -3.8992e-03         4.4619e01       -4.4559e01      1.1323e04       -1.1571e04      -2.7274e-07     -6.2135e-07     0.0000e00       0.0000e00           -6.7556e-01     6.6748e-01      0.0000e00       0.0000e00
Ka1 5.2827e02   5.2827e02   5.4573e01   5.4573e01       5.9338e-02      -6.9249e-01  -7.7285e-01    -6.7187e-01     -5.7981e-03     -5.3344e-03     -4.1879e-03     -3.8811e-03         4.8441e02       -5.0538e02      3.7418e01       -3.8655e01      0.0000e00       1.5675e-06      1.7431e-06      -1.3445e-06         0.0000e00       -8.3667e-01     -8.5769e-01     7.5598e-01
Q1  2.3070e01   2.3070e01   4.2921e01   4.2921e01       -1.4283e00      -1.2100e00   -4.9191e-01    -5.5483e-01     -1.0056e-02     -8.6515e-03     -4.1582e-03     -4.8031e-03         -4.0577e01      4.2335e01       -3.6833e01      3.6559e01       2.0934e-06      -1.8049e-06     -9.2557e-07     7.1961e-07          1.0102e00       -8.9222e-01     3.3920e-01      -3.8851e-01
Q2  3.6824e01   3.6824e01   5.0227e01   5.0227e01       -6.9106e-01     -8.1238e-01  -9.0155e-01    -8.0719e-01     -1.6922e-03     -3.2459e-03     -4.2172e-03     -3.5610e-03         4.5121e01       -4.5240e01      3.0466e01       -3.0895e01      -3.3999e-07     -1.0739e-07     5.7370e-07      -4.4217e-07         -6.0343e-01     7.1256e-01      -6.7279e-01     6.0873e-01
V1  4.4834e01   4.4834e01   5.2905e01   5.2905e01       -1.0074e00      -9.1457e-01  -9.4576e-01    -8.4200e-01     -2.3861e-03     -1.2643e-03     -5.5404e-03     -3.3018e-03         -2.1649e01      2.2453e01       1.5654e01       -1.5397e01      -2.1019e-07     5.4817e-07      -6.2039e-08     9.9114e-08          4.8502e-01      -4.4017e-01     -4.3453e-01     3.8182e-01
V2  5.5982e01   5.5982e01   5.4309e01   5.4309e01       -7.2614e-01     -7.4866e-01  -5.4468e-01    -5.5098e-01     -3.1608e-03     -3.6054e-03     -2.7406e-03     -2.7447e-03         1.6423e01       -1.6519e01      -1.6287e01      1.6504e01       -2.7905e-07     2.5047e-07      -3.6946e-07     5.0953e-08          -3.6244e-01     3.7857e-01      2.5173e-01      -2.6329e-01
W1  -6.8283e01  -6.8283e01  -9.4980e01  -9.4980e01      2.1695e-01      2.1132e-01   5.8038e-02     2.1856e-01      -6.0973e-03     -6.7467e-03     -5.1466e-03     -5.1031e-03         -3.7419e01      3.8530e01       -4.1983e01      3.5166e01       0.0000e00       0.0000e00       0.0000e00       0.0000e00           0.0000e00       0.0000e00       0.0000e00       0.0000e00
W2  -1.0486e02  -1.0486e02  -1.8059e02  -1.8059e02      7.3005e-02      7.4144e-02   -2.8921e-01    4.5801e00       -6.5581e-03     -6.5886e-03     -5.2498e-03     -1.9643e-03         4.7740e01       -4.8479e01      -9.4100e01      6.1097e01       0.0000e00       0.0000e00       0.0000e00       -8.0626e-07         0.0000e00       0.0000e00       0.0000e00       9.9539e-01
W3  8.3914e01   8.3914e01   -2.7692e02  -2.7692e02      -9.8113e-01     -1.0860e00   -4.8598e-01    4.2550e00       -5.5403e-03     -5.5063e-03     -6.8111e-03     -5.1315e-03         1.4261e00       -1.6321e00      3.4478e01       -6.3356e01      -2.7841e-07     -2.7470e-07     4.3525e-07      -6.9075e-07         -2.4797e-01     2.7258e-01      -1.9858e-01     -6.6823e-01
W4  8.8408e01   8.8408e01   4.9238e01   4.9238e01       -9.6705e-01     -1.0058e00   3.1577e00      2.6937e00       -8.1677e-03     -9.2725e-03     -1.9976e-02     -1.9998e-02         -3.5820e-01     3.6791e-01      -2.7352e00      2.9615e00       -4.8415e-08     7.2104e-08      0.0000e00       0.0000e00           2.2624e-01      -2.3324e-01     0.0000e00       0.0000e00






























